
SingleCellNet mouse_Brain
ACC: 0.9387755102040817
Macro AUC: 0.9626863598823547
F1: 0.6343501741404175
Precision: 0.9208976660271548
Recall: 0.5540106372422485
Specificity: 0.9387755102040817

SingleCellNet mouse_Kidney
ACC: 0.8719211822660099
Macro AUC: 0.8967973589897156
F1: 0.8739342653298411
Precision: 0.9229409905908137
Recall: 0.8536641018195896
Specificity: 0.8719211822660099
